; 118 ; 119
; 418 ; 419
; 462 ; 463
; 518 ; 519
; 730 ; 731 ; 733
; 871,872 ; 873
; 1112 ; 1113
; 1261 ; 1262
; 1475 ; 1476
; 1702 ; 1703
; 1919 ; 1920
; 2072 ; 2073
; 2284 ; 2285
; 2574 ; 2575
; 2675 ; 2677
; 3186 ; 3188 ; 3189
; 3190 ; 3191
; 3219 ; 3220
; 3285 ; 3286
; 3431 ; 3432 ; 3433
; 3490 ; 3491 ; 3492
; 3627 ; 3628
; 3665 ; 3666
; 3784 ; 3785
; 3999 ; 4000
; 4091 ; 4092
; 4120 ; 4121
; 4192 ; 4192
; 4358 ; 4359 ; 4360
; 4482 ; 4483
; 5054 ; 5055
; 5218 ; 5219
; 5244 ; 5245
; 5771 ; 5772
; 5832 ; 5833
; 6010 ; 6011
; 6476 ; 6477
; 6502 ; 6503
; 6524 ; 6525
; 6578 ; 6579
; 6582 ; 6583
; 6600 ; 6601 ; 6602
; 6697 ; 6698
; 6907 ; 6908
; 7018 ; 7019
; 7083 ; 7084 ; 7086
; 7089 ; 7090
; 7209 ; 7210
; 7216 ; 7217
; 7255 ; 7256 ; 7257
; 7301 ; 7302
